62
10 400 20 200 2000 0 black
10 400 20 -200 2000 0 black
50 400 20 200 2000 100 black
50 400 20 -200 2000 100 black
90 400 20 200 2000 200 black
90 400 20 -200 2000 200 black
130 400 20 200 2000 300 black
130 400 20 -200 2000 300 black
170 400 20 200 2000 400 black
170 400 20 -200 2000 400 black
210 400 20 200 2000 500 black
210 400 20 -200 2000 500 black
250 400 20 200 2000 600 black
250 400 20 -200 2000 600 black
290 400 20 200 2000 700 black
290 400 20 -200 2000 700 black
330 400 20 200 2000 800 black
330 400 20 -200 2000 800 black
370 400 20 200 2000 900 black
370 400 20 -200 2000 900 black
410 400 20 200 2000 1000 black
410 400 20 -200 2000 1000 black
450 400 20 200 2000 1100 black
450 400 20 -200 2000 1100 black
490 400 20 200 2000 1200 black
490 400 20 -200 2000 1200 black
530 400 20 200 2000 1300 black
530 400 20 -200 2000 1300 black
570 400 20 200 2000 1400 black
570 400 20 -200 2000 1400 black
610 400 20 200 2000 1500 black
610 400 20 -200 2000 1500 black
650 400 20 200 2000 1600 black
650 400 20 -200 2000 1600 black
690 400 20 200 2000 1700 black
690 400 20 -200 2000 1700 black
730 400 20 200 2000 1800 black
730 400 20 -200 2000 1800 black
770 400 20 200 2000 1900 black
770 400 20 -200 2000 1900 black
810 400 20 200 2000 2000 black
810 400 20 -200 2000 2000 black
850 400 20 200 2000 2100 black
850 400 20 -200 2000 2100 black
890 400 20 200 2000 2200 black
890 400 20 -200 2000 2200 black
930 400 20 200 2000 2300 black
930 400 20 -200 2000 2300 black
970 400 20 200 2000 2400 black
970 400 20 -200 2000 2400 black
1010 400 20 200 2000 2500 black
1010 400 20 -200 2000 2500 black
1050 400 20 200 2000 2600 black
1050 400 20 -200 2000 2600 black
1090 400 20 200 2000 2700 black
1090 400 20 -200 2000 2700 black
1130 400 20 200 2000 2800 black
1130 400 20 -200 2000 2800 black
1170 400 20 200 2000 2900 black
1170 400 20 -200 2000 2900 black
1210 400 20 200 2000 3000 black
1210 400 20 -200 2000 3000 black